1858184825 3
1858184859 4
1858184903 4
1858184947 4
1858184989 4
1858185033 4
1858185075 4
1858185118 4
1858185162 4
1858185206 4
1858185250 4
1858185293 4
1858185336 3
1858185379 4
1858185422 4
1858185466 4
1858185515 4
1858185557 4
1858185600 4
1858185642 4
1858185685 5
1858185729 4
1858185771 4
1858185814 5
1858185855 3
1858185898 4
1858185946 4
1858185990 4
1858186033 3
1858186077 4
1858186121 4
1858186164 3
1858186209 4
1858186250 4
1858186292 3
1858186336 5
1858186378 3
1858186428 4
1858186471 4
1858186514 4
1858186557 3
1858186600 4
1858186643 4
1858186686 4
1858186729 4
1858186772 4
1858186814 4
1858186857 4
1858186900 4
1858186943 4
1858186986 4
1858187030 4
1858187072 4
1858187115 3
1858187159 4
1858187202 5
1858187248 5
1858187299 5
1858187348 3
1858187401 4
1858187447 3
1858187492 3
1858187538 3
1858187582 3
1858187629 4
1858187678 4
1858187719 3
1858187763 4
1858187808 3
1858187853 4
1858187897 4
1858187944 3
1858187997 4
1858188044 3
1858188087 4
1858188128 3
1858188171 3
1858188213 4
1858188255 4
1858188297 4
1858188339 4
1858188381 3
1858188424 4
1858188466 4
1858188506 4
1858188549 4
1858188593 4
1858188643 4
1858188695 3
1858188748 3
1858188799 4
1858188853 3
1858188907 4
1858188953 3
1858188995 3
1858189036 3
1858189079 3
1858189121 3
1858189164 4
1858189207 4
1858189249 3
1858189290 3
1858189331 3
1858189374 3
1858189416 4
1858189458 5
1858189498 3
1858189540 3
1858189582 3
1858189625 4
1858189666 4
1858189707 4
1858189754 3
1858189797 4
1858189838 3
1858189881 4
1858189922 3
1858189964 3
1858190007 4
1858190050 3
1858190094 3
1858190141 4
1858190190 5
1858190232 3
1858190276 3
1858190321 3
1858190367 4
1858190412 4
1858190750 3
1858191081 4
1858192941 4
1858192983 3
1858193026 4
1858193070 3
1858193112 4
1858193154 4
1858193196 2
1858193238 3
1858193282 3
1858193326 4
1858193371 4
1858193417 4
1858193461 3
1858193504 3
1858193548 3
1858193591 3
1858193635 3
1858193678 4
1858193721 3
1858193763 3
1858193805 3
1858193847 3
1858193890 3
1858193932 3
1858193974 3
1858194016 4
1858194058 3
1858194317 3
1858194364 4
1858194411 4
1858194459 3
1858194506 3
1858194554 3
1858194601 3
1858194647 3
1858194696 3
1858194742 2
1858194789 3
1858194835 3
1858194882 4
1858194928 4
1858194974 3
1858195021 3
1858195069 4
1858195268 3
1858195311 4
1858195354 4
1858195397 4
1858195441 4
1858195482 3
1858195687 4
1858195733 3
1858195780 3
1858195982 3
1858196026 4
1858196069 3
1858196113 3
1858196157 4
1858196201 3
1858196245 4
1858196585 3
1858196924 3
1858197256 4
1858197303 3
1858197349 3
1858197395 3
1858197440 3
1858197485 3
1858197530 3
1858197576 3
1858197621 3
1858197673 4
1858197718 3
1858197763 3
1858197809 4
1858197854 4
1858197899 4
1858197943 4
1858197987 3
1858198039 3
1858198084 3
1858198129 4
1858198172 3
1858198218 3
1858198262 3
1858198311 4
1858198358 4
1858198401 3
1858198445 3
1858198494 4
1858198543 3
1858198590 3
1858198635 3
1858198683 3
1858198728 3
1858198774 3
1858198822 4
1858198867 4
1858199205 3
1858199538 3
1858199876 3
1858200215 3
1858200550 3
1858200888 3
1858201226 4
1858201561 3
1858201896 4
1858202229 4
1858202562 3
1858202897 3
1858203230 4
1858203565 4
1858203897 4
1858204231 4
1858204566 4
1858204904 3
1858205239 4
1858205576 3
1858205916 4
1858206255 3
1858206595 4
1858206925 3
1858207259 3
1858207600 3
1858207933 3
1858208266 4
1858208603 3
1858208937 3
1858209277 3
1858209617 4
1858209952 4
1858210285 3
1858210621 3
1858210954 3
1858211288 3
1858211626 3
1858211957 3
1858212290 3
1858212624 2
1858212958 3
1858213295 3
1858213633 4
1858213966 3
1858214302 3
1858214643 4
1858214973 4
1858215313 4
1858215648 3
1858215984 3
1858216318 3
1858216654 3
1858216990 4
1858217322 3
1858217655 3
1858217993 4
1858218326 4
1858218662 3
1858219001 3
1858219339 3
1858219671 3
1858219716 3
1858219761 3
1858219806 3
1858219852 4
1858219896 3
1858219942 3
1858219986 3
1858220031 3
1858220082 4
1858220126 3
1858220172 3
1858220219 4
1858220263 3
1858220307 3
1858220357 4
1858220401 3
1858220447 3
1858220492 3
1858220536 3
1858220580 3
1858220625 3
1858220669 4
1858220713 3
1858220759 3
1858220803 3
1858220849 3
1858220896 4
1858220939 3
1858220984 2
1858221030 3
1858221076 3
1858221120 3
1858221164 3
1858221209 3
1858221253 2
1858221298 4
1858221343 3
1858221387 3
1858221432 4
1858221477 4
1858221520 3
1858221564 3
1858221611 4
1858221656 4
1858221701 4
1858221746 4
1858221791 4
1858221835 4
1858221881 4
1858221926 3
1858221971 3
1858222016 3
1858222061 4
1858222105 4
1858222149 3
1858222195 3
1858222240 4
1858222285 3
1858222331 3
1858222375 3
1858222419 3
1858222464 3
1858222510 3
1858222556 3
1858222601 3
1858222645 3
1858222691 4
1858222736 4
1858222781 3
1858222830 3
1858222876 4
1858222921 4
1858222965 3
1858223010 3
1858223054 3
1858223099 4
1858223142 3
1858223187 3
1858223232 3
1858223277 3
1858223328 4
1858223373 3
1858223419 4
1858223465 4
1858223510 4
1858223560 3
1858223610 4
1858223655 3
1858223701 3
1858223745 3
1858223790 3
1858223834 3
1858223878 3
1858223923 3
1858223966 3
1858224012 3
1858224056 3
1858224100 3
1858224147 4
1858224192 4
1858224237 4
1858224281 3
1858224346 4
1858224390 3
1858224435 4
1858224480 4
1858224523 3
1858224567 3
1858224611 3
1858224655 3
1858224705 3
1858224750 4
1858224794 3
1858224838 4
1858225180 3
1858225517 3
1858225851 3
1858226185 3
1858226522 3
1858226860 3
1858227195 5
1858227527 3
1858227863 2
