1858161499 11
1858161499 10
1858161499 10
1858161499 10
1858161499 10
1858161499 10
1858171800 8
1858171813 20
1858171902 3
1858171902 3
1858171903 4
1858171903 4
1858171903 3
1858171903 3
1858171903 3
1858171903 3
1858171903 3
1858171903 3
1858171903 3
1858171903 2
1858171952 1
1858171952 1
1858171953 1
1858172015 10
1858172056 10
1858172056 10
1858172102 14
1858172141 11
1858172181 10
1858172224 11
1858172224 11
1858172271 18
1858172311 10
1858172348 8
1858172391 11
1858172391 11
1858172430 10
1858172468 9
1858172508 10
1858172545 8
1858172587 10
1858172587 9
1858172625 10
1858172663 9
1858172701 9
1858172739 9
1858172777 9
1858172815 10
1858172854 8
1858172854 8
1858172893 9
1858172931 10
1858172969 9
1858173007 9
1858173045 9
1858173085 9
1858173085 9
1858173125 10
1858173177 24
1858173217 12
1858173257 9
1858173257 8
1858173296 9
1858173334 9
1858173375 11
1858173416 12
1858173469 23
1858173469 22
1858173510 11
1858173548 10
1858173592 13
1858173592 13
1858173632 11
1858173673 10
1858173712 10
1858173753 10
1858173753 10
1858173790 9
1858173828 10
1858173878 18
1858174061 8
1858174100 11
1858174144 12
1858174144 12
1858174191 19
1858174230 11
1858174276 18
1858174435 26
1858174472 1
1858174472 1
1858174472 1
1858174485 14
1858174531 14
1858174531 14
1858174575 14
1858174622 19
1858174674 22
1858174717 15
1858174717 15
1858174764 16
1858174764 16
1858174809 17
1858174850 14
1858174894 15
1858174939 15
1858174939 15
1858174982 16
1858175024 15
1858175079 24
1858175079 24
1858175210 6
1858175213 9
1858175253 12
1858175286 6
1858175328 8
1858175364 8
1858175400 7
1858175400 6
1858175438 8
1858175473 7
1858175510 8
1858175545 7
1858175581 8
1858175618 8
1858175654 7
1858175696 8
1858175736 8
1858175736 8
1858175771 8
1858175806 6
1858175843 8
1858175878 7
1858175914 8
1858175948 7
1858175983 7
1858176017 6
1858176053 6
1858176090 8
1858176126 8
1858176480 3
1858176480 3
1858176480 3
1858176480 2
1858176480 2
1858176481 3
1858176481 3
1858176481 3
1858176481 3
1858176481 3
1858176874 3
1858176874 3
1858176875 3
1858176875 3
1858176875 3
1858176875 3
1858176875 3
1858176875 3
1858176875 3
1858176875 2
1858177159 2
1858177160 3
1858177160 3
1858177160 3
1858177160 3
1858177160 3
1858177160 2
1858177160 2
1858177160 2
1858177160 2
1858177209 1
1858177218 10
1858177218 10
1858177261 12
1858177302 13
1858177344 12
1858177344 12
1858177385 12
1858177426 12
1858177472 18
1858177514 11
1858177514 11
1858177552 10
1858177591 9
1858177630 11
1858177670 9
1858177674 13
1858177712 10
1858177750 10
1858177790 11
1858177828 9
1858177862 1
1858177869 8
1858177911 10
1858177972 14
1858178010 3
1858178019 12
1858178068 11
1858178107 3
1858178115 11
1858178168 17
1858178214 11
1858178215 11
1858178270 17
1858178334 12
1858178336 14
1858178375 2
1858178383 10
1858178427 9
1858178474 10
1858178476 12
1858178522 10
1858178563 10
1858178606 10
1858178607 11
1858178647 9
1858178687 9
1858178726 9
1858178762 9
1858178802 10
1858178802 9
1858178839 9
1858178876 10
1858178919 11
1858178960 9
1858179006 11
1858179006 11
1858179047 10
1858179087 10
1858179131 11
1858179182 12
1858179183 13
1858179224 8
1858179263 8
1858179306 9
1858179306 9
1858179347 10
1858179387 10
1858179426 9
1858179472 13
1858179515 4
1858179523 12
1858179568 11
1858179607 3
1858179615 11
1858179659 10
1858179708 10
1858179758 10
1858179759 10
1858179806 9
1858179861 9
1858179862 9
1858179897 1
1858179905 9
1858179947 9
1858179991 10
1858180032 10
1858180074 10
1858180074 10
1858180113 9
1858180152 9
1858180192 10
1858180230 9
1858180272 9
1858180272 9
1858180310 9
1858180350 9
1858180388 9
1858180426 10
1858180465 10
1858180505 8
1858180505 8
1858180544 9
1858180583 10
1858180620 9
1858180659 9
1858180699 11
1858180738 8
1858180738 8
1858180776 8
1858180814 9
1858180858 10
1858180897 10
1858180938 9
1858180938 9
1858180977 10
1858181015 9
1858181054 10
1858181092 10
1858181131 10
1858181172 10
1858181172 10
1858181215 9
1858181254 10
1858181293 10
1858181331 9
1858181373 10
1858181373 10
1858181412 10
1858181451 10
1858181489 10
1858181527 9
1858181565 8
1858181606 8
1858181606 8
1858181646 10
1858181684 8
1858181729 15
1858181767 10
1858181808 9
1858181808 9
1858181847 9
1858181886 10
1858181924 8
1858181963 9
1858182004 10
1858182004 9
1858182043 10
1858182081 9
1858182120 10
1858182159 9
1858182197 8
1858182237 8
1858182237 7
1858182278 10
1858182315 9
1858182356 10
1858182394 9
1858182435 9
1858182473 9
1858182473 9
1858182513 11
1858182550 8
1858182589 9
1858182628 9
1858182669 10
1858182669 10
1858182710 9
1858182749 9
1858182789 9
1858182827 9
1858182866 10
1858182907 10
1858182907 9
1858182945 9
1858182984 10
1858183023 11
1858183063 10
1858183098 2
1858183105 9
1858183145 9
1858183186 12
1858183226 9
1858183265 9
1858183307 9
1858183307 9
1858183345 9
1858183384 10
1858183422 10
1858183461 10
1858183503 10
1858183533 0
1858183534 1
1858183888 4
1858183889 3
1858183889 3
1858183889 3
1858183889 3
1858183889 3
1858183889 3
1858183889 3
1858183889 2
1858183889 2
1858183936 6
1858183938 7
1858183975 7
1858184016 11
1858184052 7
1858184089 7
1858184132 8
1858184170 7
1858184170 7
1858184208 7
1858184246 8
1858184286 10
1858184323 7
1858184358 6
1858184395 7
1858184434 7
1858184434 6
1858184471 8
1858184506 6
1858184544 6
1858184580 7
1858184622 7
1858184658 7
1858184695 8
1858184730 7
1858184769 7
1858184769 6
1858184806 8
